[12.011 12.011 12.011  1.008 12.011  1.008 12.011  1.008 12.011 12.011
  1.008 12.011 12.011  1.008 12.011  1.008 12.011  1.008  1.008 12.011
  1.008 12.011 12.011 12.011 12.011  1.008 12.011  1.008 12.011 12.011
 12.011 12.011 12.011  1.008 12.011 12.011  1.008 12.011 12.011 12.011
  1.008 12.011  1.008  1.008  1.008  1.008]
[12.011 12.011 12.011  1.008 12.011  1.008 12.011  1.008 12.011 12.011
  1.008 12.011  1.008 12.011 12.011 12.011  1.008 12.011  1.008 12.011
  1.008 12.011  1.008  1.008]
[ 1.008 12.011 12.011 12.011  1.008 12.011 12.011 12.011 12.011 12.011
 12.011 12.011 12.011  1.008 12.011 12.011 12.011 12.011  1.008 12.011
 12.011  1.008 12.011 12.011 12.011 12.011 12.011  1.008  1.008  1.008
  1.008  1.008 12.011 12.011 12.011 12.011  1.008  1.008 12.011  1.008
  1.008 12.011 12.011  1.008 12.011 12.011  1.008 12.011  1.008 12.011
 12.011 12.011  1.008  1.008 12.011 12.011 12.011 12.011 12.011 12.011
  1.008  1.008 12.011  1.008  1.008  1.008]
[ 1.008 12.011 12.011 12.011 12.011 12.011 12.011  1.008 12.011  1.008
 12.011 12.011 12.011  1.008 12.011 12.011 12.011 12.011  1.008 12.011
 12.011 12.011 12.011  1.008  1.008 12.011 12.011 12.011 12.011  1.008
  1.008 12.011 12.011  1.008  1.008  1.008]
[12.011 12.011 12.011  1.008 12.011  1.008 12.011 12.011  1.008 12.011
 12.011 12.011  1.008  1.008 12.011 12.011 12.011  1.008 12.011 12.011
 12.011 12.011  1.008 12.011 12.011 12.011  1.008 12.011  1.008 12.011
 12.011 12.011  1.008  1.008 12.011 12.011  1.008 12.011 12.011  1.008
  1.008 12.011  1.008  1.008]
[ 1.008 12.011 12.011 12.011 12.011 12.011  1.008 12.011 12.011 12.011
  1.008 12.011  1.008 12.011 12.011 12.011  1.008  1.008 12.011 12.011
 12.011 12.011  1.008 12.011 12.011 12.011  1.008 12.011 12.011  1.008
 12.011  1.008 12.011  1.008 12.011 12.011  1.008 12.011  1.008  1.008
 12.011  1.008 12.011  1.008 12.011  1.008  1.008  1.008  1.008 12.011
  1.008  1.008]
[12.011 12.011  1.008 12.011  1.008 12.011 12.011  1.008 12.011 12.011
 12.011 12.011 12.011 12.011 12.011 12.011 12.011 12.011 12.011  1.008
 12.011 12.011  1.008 12.011 12.011 12.011 12.011  1.008 12.011 12.011
 12.011  1.008 12.011 12.011  1.008 12.011 12.011 12.011  1.008 12.011
  1.008 12.011 12.011 12.011 12.011  1.008  1.008 12.011 12.011 12.011
 12.011  1.008  1.008 12.011 12.011  1.008  1.008 12.011  1.008  1.008]
[12.011  1.008 12.011 12.011  1.008 12.011  1.008 12.011 12.011 12.011
 12.011 12.011 12.011 12.011  1.008 12.011 12.011 12.011 12.011 12.011
 12.011  1.008 12.011 12.011 12.011  1.008 12.011 12.011  1.008 12.011
 12.011 12.011  1.008  1.008 12.011  1.008 12.011 12.011  1.008 12.011
  1.008 12.011  1.008 12.011 12.011  1.008  1.008 12.011 12.011  1.008
  1.008  1.008]
[ 1.008 12.011 12.011 12.011 12.011 12.011 12.011  1.008 12.011 12.011
 12.011 12.011  1.008 12.011  1.008 12.011 12.011 12.011 12.011 12.011
 12.011 12.011 12.011 12.011  1.008 12.011  1.008 12.011 12.011 12.011
  1.008 12.011  1.008  1.008 12.011  1.008 12.011 12.011  1.008  1.008
  1.008 12.011 12.011  1.008  1.008  1.008]
[12.011 12.011  1.008 12.011  1.008 12.011 12.011  1.008  1.008 12.011
  1.008 12.011 12.011 12.011 12.011  1.008 12.011  1.008  1.008 12.011
  1.008 12.011 12.011 12.011  1.008 12.011 12.011  1.008  1.008 12.011
  1.008  1.008]
